1 315 8 624 16
1 855 16 464 32
1 1329 8 352 16
1 1577 8 80 16
1 1954 8 576 16
1 2537 8 560 16
1 1591 24 48 16
1 1599 40 32 16
1 1607 56 16 16
1 1519 88 32 16
1 1687 24 48 16
1 1679 40 32 16
1 1671 56 16 16
1 2319 -239 130 30
1 2247 -160 16 192
1 2520 -96 16 64
1 2393 -215 16 16
1 2409 -200 16 16
1 2425 -184 16 16
1 2441 -168 16 16
1 2457 -152 16 16
1 2488 -136 48 16
1 2482 -80 5 30
1 2384 -72 192 16
1 2271 26 32 16
0
2 368 40 28 48
2 1807 32 32 32
2 1871 40 32 48
2 2271 216 32 208
2 2271 40 32 48
2 2335 32 32 32
0
3 263 40 48 48
3 295 56 48 80
3 439 40 80 48
3 495 56 64 80
3 543 72 64 112
3 560 32 96 32
3 1319 32 112 32
3 1351 48 112 64
3 1383 64 112 96
3 2167 40 48 48
3 2199 88 48 144
3 1439 231 64 16
3 1591 247 208 16
3 1343 272 64 32
0
4 184 73 16 16 2
4 200 73 16 16 2
4 232 119 16 16 2
4 248 119 16 16 1
4 423 103 16 16 2
4 663 40 16 16 1
4 700 80 16 16 2
4 1479 55 16 16 1
4 1448 296 16 16 4
0
5 1959 24 16 16 0
5 1975 24 16 16 0
5 1991 24 16 16 0
5 2007 24 16 16 0
5 2023 24 16 16 0
5 2039 24 16 16 0 
5 2055 24 16 16 0
5 1975 40 16 16 0
5 1991 40 16 16 0
5 2007 40 16 16 0
5 2023 40 16 16 0
5 2039 40 16 16 0 
5 1991 56 16 16 0
5 2007 56 16 16 0
5 2023 56 16 16 0
5 2039 56 16 16 1
5 2103 24 16 16 0
5 2119 24 16 16 0
5 2103 40 16 16 0
0
6 1085 110
6 1117 142
6 1149 174
6 1181 206
6 1213 238
6 2344 -184
6 2360 -200
6 2376 -200
6 2392 -184
6 2392 -168
6 2376 -152
6 2360 -152
6 2392 -136
6 2392 -120
6 2376 -104
6 2360 -104
6 2344 -120
0
7 2272 48 32 48 1 2270 -90
7 2496 -78 32 32 -1 0 0
7 2272 -78 32 48 -1 0 0
0
8 2500 -72 32 20 2335 60
0
10 350 23 0
10 560 23 0
10 830 39 0
10 880 39 0
10 910 39 1
0
11 1390 90 2
11 1380 90 2
11 600 60 3
11 1400 40 1
0
12 2103 59 1
12 1872 75 2
12 580 60 1
0
13 1808 59 1
13 1872 75 2
13 368  79 3