1 64 16 128 32
1 144 40 32 16
1 176 56 32 16
1 220 32 64 64
1 268 72 32 16
1 300 88 32 16
1 332 104 32 16
1 384 56 64 112
1 424 104 16 16
1 440 88 16 16
1 456 72 16 16 
1 472 56 16 16
1 504 40 32 16
1 568 16 112 32
1 736 16 192 32
1 848 40 32 16
1 880 56 32 16
1 912 72 32 16
1 944 40 32 80
1 1008 48 32 96s
1 1032 72 16 16
1 1048 56 16 16
1 1064 40 16 16
1 1096 24 32 16
1 1176 16 144 32
1 1192 120 16 16
1 1208 120 16 16
1 1264 40 32 16
1 1295 24 32 48
1 1319 56 16 16
1 1335 72 16 16
1 1352 88 16 48
1 1370 122 16 16 
1 1386 138 16 16
1 1409 80 32 160
1 1428 136 16 16
1 1444 120 16 16
1 1444 104 16 16
1 1444 88 16 16
1 1512 40 112 80
1 1576 88 16 16
1 1592 104 16 16
1 1608 120 16 16
1 1624 120 16 16
1 1640 120 16 16
1 1656 104 16 16
1 1672 88 16 16
1 1688 72 16 16
1 1704 56 16 16
1 1720 40 16 16
1 1736 24 16 16
1 1800 16 112 32
1 1976 16 176 32
0
1 2112 8 32 16
1 2136 24 16 16
1 2152 40 16 16
1 2168 56 16 16
1 2184 72 16 16
1 2200 88 16 16
1 2216 48 48 96
0
1 2384 8 32 16
1 2352 24 32 16
1 2320 40 32 16
1 2288 56 32 16
1 2256 72 32 16
0
1 2608 8 416 16
0
0
2 384 128 64 32
2 656 128 96 32
2 656 72 32 80
2 976 64 32 64
2 1200 144 32 32
2 1776 56 32 48
2 1920 56 32 48
2 2080 32 32 64 
2 2216 112 48 32
0
10 588 80 0
10 944 80 1
10 1352 120 0
10 1624 152 1
10 1736 30 0
10 1700 100 0
10 2000 56 0
0
13 1200 160 2
13 1776 70 2
13 2080 64 2
0
5 1192 56 16 16 1
5 1208 56 16 16 0